2482322.968505	-6503581.141492		1896294.825769	702492.945156
15385057.455745	-5342114.337299		1899704.052120	702774.662437
818875.336509	-25671058.999765	1895804.529985	697426.362786
16905548.694784	-11487653.862035	1900088.075824	701139.279203
6230377.544188	-15157915.474983	1897267.630920	700195.277317
16896883.746481	-14599948.263379	1900072.818084	700307.565771
10861772.952983	-8348290.506691		1898490.339252	701978.042954
7821338.371840	-5327515.950311		1897693.027310	702788.352231
8735983.716006	-24421224.669824	1897900.187052	697731.887858
21999322.066790	-11482083.743093	1901440.368257	701107.002728
10827309.381856	-11434495.552293	1898488.840834	701156.310832
